Version 0.9.7
6
 4 10 254 77 128 0 1
 5 1193 562 206 81 2 2
 0 281 188 877 276 8 3
 0 282 467 877 276 140 4
 6 635 -1 449 130 272 5
 6 193 0 449 130 305 6
 1
96
 12632256 5 984 122 984 122 984 122 984 254 984 254 984 254 0 5 0 3
 12632256 5 997 122 997 122 997 122 997 254 997 254 997 254 0 5 0 3
 12632256 5 1010 122 1010 122 1010 122 1010 254 1010 254 1010 254 0 5 0 3
 12632256 5 1023 122 1023 122 1023 122 1023 254 1023 254 1023 254 0 5 0 3
 12632256 5 1036 122 1036 122 1036 122 1036 254 1036 254 1036 254 0 5 0 3
 12632256 5 958 267 958 267 1049 267 1049 267 1049 122 1049 122 0 3 0 5
 12632256 5 971 280 971 280 1062 280 1062 280 1062 122 1062 122 0 3 0 5
 12632256 5 932 122 932 122 932 122 932 254 932 254 932 254 0 5 0 3
 12632256 5 919 254 919 254 919 254 919 122 919 122 919 122 0 3 0 5
 12632256 5 906 254 906 254 906 254 906 122 906 122 906 122 0 3 0 5
 12632256 5 893 122 893 122 893 122 893 254 893 254 893 254 0 5 0 3
 12632256 5 880 122 880 122 880 122 880 254 880 254 880 254 0 5 0 3
 12632256 5 854 267 854 267 945 267 945 267 945 122 945 122 0 3 0 5
 12632256 5 867 280 867 280 958 280 958 280 958 122 958 122 0 3 0 5
 12632256 5 828 122 828 122 828 122 828 254 828 254 828 254 0 5 0 3
 12632256 5 815 122 815 122 815 122 815 254 815 254 815 254 0 5 0 3
 12632256 5 802 122 802 122 802 122 802 254 802 254 802 254 0 5 0 3
 12632256 5 789 122 789 122 789 122 789 254 789 254 789 254 0 5 0 3
 12632256 5 776 122 776 122 776 122 776 254 776 254 776 254 0 5 0 3
 12632256 5 750 267 750 267 841 267 841 267 841 122 841 122 0 3 0 5
 12632256 5 763 280 763 280 854 280 854 280 854 122 854 122 0 3 0 5
 12632256 5 724 122 724 122 724 122 724 254 724 254 724 254 0 5 0 3
 12632256 5 711 122 711 122 711 122 711 254 711 254 711 254 0 5 0 3
 12632256 5 698 122 698 122 698 122 698 254 698 254 698 254 0 5 0 3
 12632256 5 685 122 685 122 685 122 685 254 685 254 685 254 0 5 0 3
 12632256 5 672 122 672 122 672 122 672 254 672 254 672 254 0 5 0 3
 12632256 5 646 267 646 267 737 267 737 267 737 122 737 122 0 3 0 5
 12632256 5 659 280 659 280 750 280 750 280 750 122 750 122 0 3 0 5
 12632256 5 594 123 594 123 594 123 594 254 594 254 594 254 0 6 0 3
 12632256 5 581 123 581 123 581 123 581 254 581 254 581 254 0 6 0 3
 12632256 5 568 123 568 123 568 123 568 254 568 254 568 254 0 6 0 3
 12632256 5 555 123 555 123 555 123 555 254 555 254 555 254 0 6 0 3
 12632256 5 542 123 542 123 542 123 542 254 542 254 542 254 0 6 0 3
 12632256 5 516 267 516 267 607 267 607 267 607 123 607 123 0 3 0 6
 12632256 5 529 280 529 280 620 280 620 280 620 123 620 123 0 3 0 6
 12632256 5 490 123 490 123 490 123 490 254 490 254 490 254 0 6 0 3
 12632256 5 477 123 477 123 477 123 477 254 477 254 477 254 0 6 0 3
 12632256 5 464 123 464 123 464 123 464 254 464 254 464 254 0 6 0 3
 12632256 5 451 123 451 123 451 123 451 254 451 254 451 254 0 6 0 3
 12632256 5 438 123 438 123 438 123 438 254 438 254 438 254 0 6 0 3
 12632256 5 412 267 412 267 503 267 503 267 503 123 503 123 0 3 0 6
 12632256 5 425 280 425 280 516 280 516 280 516 123 516 123 0 3 0 6
 255 5 71 268 71 268 170 268 170 215 334 215 334 215 0 1 0 3
 255 5 399 254 399 254 399 254 399 215 399 215 399 215 0 3 0 3
 255 5 503 293 503 293 503 293 503 215 503 215 503 215 0 3 0 3
 255 5 633 254 633 254 633 254 633 215 633 215 633 215 0 3 0 3
 255 5 737 293 737 293 737 293 737 215 737 215 737 215 0 3 0 3
 255 5 841 293 841 293 841 293 841 215 841 215 841 215 0 3 0 3
 255 5 945 293 945 293 945 293 945 215 945 215 945 215 0 3 0 3
 0 5 71 367 71 367 172 367 172 436 334 436 334 436 0 1 0 3
 0 5 490 397 490 397 490 397 490 436 490 436 490 436 0 3 0 3
 0 5 594 397 594 397 594 397 594 436 594 436 594 436 0 3 0 3
 0 5 724 397 724 397 724 397 724 436 724 436 724 436 0 3 0 3
 0 5 828 397 828 397 828 397 828 436 828 436 828 436 0 3 0 3
 0 5 932 397 932 397 932 397 932 436 932 436 932 436 0 3 0 3
 0 5 1036 397 1036 397 1036 397 1036 436 1036 436 1036 436 0 3 0 3
 0 5 1101 436 1101 436 1101 436 1101 202 1101 202 1101 202 0 3 0 3
 255 5 347 215 347 215 347 215 347 449 347 449 347 449 0 3 0 3
 255 5 334 449 334 449 334 494 334 494 335 494 335 494 0 3 0 4
 255 5 348 494 348 494 348 494 348 728 348 728 348 728 0 4 0 4
 0 5 1088 436 1088 436 1088 481 1088 481 1089 481 1089 481 0 3 0 4
 0 5 1102 481 1102 481 1102 481 1102 715 1102 715 1102 715 0 4 0 4
 65280 5 1023 397 1023 397 991 397 991 637 972 637 972 637 0 3 0 4
 16776960 5 959 637 959 637 965 637 965 397 945 397 945 397 0 4 0 3
 65535 5 1011 637 1011 637 977 637 977 397 958 397 958 397 0 4 0 3
 16711680 5 1024 637 1024 637 1011 637 1011 397 1010 397 1010 397 0 4 0 3
 255 5 1208 573 1208 573 1165 573 1165 494 1089 494 1089 494 0 2 0 4
 0 5 1208 631 1208 631 1163 631 1163 715 1089 715 1089 715 0 2 0 4
 16512 5 998 676 998 676 1290 676 1290 676 1290 599 1290 599 0 4 0 2
 0 5 1037 663 1037 663 1037 663 1037 715 1037 715 1037 715 0 4 0 4
 0 5 959 533 959 533 959 533 959 481 959 481 959 481 0 4 0 4
 255 5 946 533 946 533 946 533 946 494 946 494 946 494 0 4 0 4
 0 5 946 676 946 676 946 676 946 715 946 715 946 715 0 4 0 4
 255 5 209 27 209 27 209 145 373 145 373 215 373 215 0 6 0 3
 0 5 1037 546 1037 546 1037 546 1024 546 1024 546 1024 546 0 4 0 4
 0 5 1037 533 1037 533 1037 533 1037 481 1037 481 1037 481 0 4 0 4
 255 5 651 26 651 26 651 215 651 215 646 215 646 215 0 5 0 3
 255 5 855 494 855 494 855 494 855 533 855 533 855 533 0 4 0 4
 0 5 933 676 933 676 933 676 933 715 933 715 933 715 0 4 0 4
 4194432 5 959 650 959 650 868 650 868 650 868 637 868 637 0 4 0 4
 4194432 5 855 663 855 663 855 668 1024 668 1024 663 1024 663 0 4 0 4
 255 5 751 533 751 533 751 533 751 494 751 494 751 494 0 4 0 4
 0 5 764 533 764 533 764 533 764 481 764 481 764 481 0 4 0 4
 0 5 842 676 842 676 842 676 842 715 842 715 842 715 0 4 0 4
 0 5 751 676 751 676 751 676 751 715 751 715 751 715 0 4 0 4
 0 5 842 546 842 546 842 546 829 546 829 546 829 546 0 4 0 4
 0 5 842 533 842 533 842 533 842 481 842 481 842 481 0 4 0 4
 16711935 5 777 637 777 637 785 637 785 397 919 397 919 397 0 4 0 3
 16711935 5 764 637 764 637 770 637 770 384 841 384 841 384 0 4 0 3
 16711935 5 816 637 816 637 816 371 816 371 854 371 854 371 0 4 0 3
 16711935 5 829 637 829 637 829 384 829 384 906 384 906 384 0 4 0 3
 16777215 5 777 676 777 676 777 676 894 676 894 676 894 676 0 4 0 4
 16777215 5 907 663 907 663 907 663 816 663 816 663 816 663 0 4 0 4
 16777215 5 777 533 777 533 777 657 920 657 920 663 920 663 0 4 0 4
 16744703 5 972 546 972 546 972 637 972 637 881 637 881 637 0 4 0 4
 16777215 5 803 650 803 650 803 650 803 533 972 533 972 533 0 4 0 4
9
 7047 1 16 939 306 5 0 8583336 23370608 3
 7047 1 16 835 306 5 0 8583336 23370608 3
 7047 1 16 731 306 5 0 8583336 23370608 3
 7047 1 16 627 306 5 0 8583336 23370608 3
 7047 1 16 497 306 5 0 8583336 23370608 3
 7047 1 16 393 306 5 0 8583336 23370608 3
 7193 1 16 940 585 5 0 8583336 23370608 4
 7008 1 14 849 585 5 0 8583336 23370608 4
 7193 1 16 745 585 5 0 8583336 23370608 4
