Version 0.9.7
4
 4 10 175 77 128 0 1
 5 27 440 206 81 2 2
 0 110 110 877 276 8 3
 3 391 465 203 58 140 4
 1
25
 0 5 71 288 71 288 71 358 71 358 163 358 163 358 0 1 0 3
 0 5 176 358 176 358 177 358 177 502 402 502 402 502 0 3 0 4
 255 5 163 371 163 371 42 371 42 371 42 451 42 451 0 3 0 2
 128 5 42 509 42 509 42 535 189 535 189 358 189 358 0 2 0 3
 255 5 71 189 71 189 71 137 71 137 163 137 163 137 0 1 0 3
 0 5 930 124 930 124 930 124 930 358 930 358 930 358 0 3 0 3
 0 5 397 319 397 319 397 319 397 358 397 358 397 358 0 3 0 3
 0 5 397 176 397 176 397 176 397 124 397 124 397 124 0 3 0 3
 0 5 384 124 384 124 384 124 384 176 384 176 384 176 0 3 0 3
 0 5 319 176 319 176 319 176 319 124 319 124 319 124 0 3 0 3
 0 5 306 319 306 319 306 319 306 358 306 358 306 358 0 3 0 3
 255 5 306 176 306 176 306 176 306 137 306 137 306 137 0 3 0 3
 255 5 371 137 371 137 369 137 369 189 371 189 371 189 0 3 0 3
 255 5 345 319 345 319 345 319 345 371 345 371 345 371 0 3 0 3
 255 5 358 319 358 319 358 451 358 451 200 451 200 451 0 3 0 2
 65280 5 332 319 332 319 332 532 437 532 437 509 437 509 0 3 0 4
 65280 5 319 319 319 319 319 577 457 577 457 509 457 509 0 3 0 4
 65280 5 371 319 371 319 371 585 477 585 477 509 477 509 0 3 0 4
 65280 5 384 319 384 319 384 547 497 547 497 509 497 509 0 3 0 4
 255 5 917 137 917 137 917 371 917 371 930 371 930 371 0 3 0 3
 128 5 592 319 592 319 592 319 592 358 592 358 592 358 0 3 0 3
 255 5 514 176 514 176 514 176 514 137 514 137 514 137 0 3 0 3
 16711680 5 540 280 540 280 540 176 540 176 332 176 332 176 0 3 0 3
 16711680 5 384 280 384 280 384 280 514 280 514 280 514 280 0 3 0 3
 16711680 5 319 280 319 280 319 280 527 280 527 280 527 280 0 3 0 3
2
 7193 1 16 300 228 5 0 1978608460 1985112591 3
 7008 1 14 508 228 5 0 1978608460 1985112591 3
