Version 0.9.7
4
 4 1 410 77 128 0 1
 5 500 636 206 81 2 2
 0 94 340 877 276 8 5
 6 195 2 449 130 140 8
 1
55
 255 5 62 424 62 424 63 424 63 367 147 367 147 367 0 1 0 5
 0 5 62 523 62 523 62 588 62 588 147 588 147 588 0 1 0 5
 0 5 849 445 849 445 849 445 836 445 836 445 836 445 0 5 0 5
 255 5 160 367 160 367 160 367 160 601 160 601 160 601 0 5 0 5
 0 5 173 354 173 354 173 354 173 588 173 588 173 588 0 5 0 5
 255 5 472 601 472 601 472 647 472 647 515 647 515 647 0 5 0 2
 0 5 459 588 459 588 459 705 459 705 515 705 515 705 0 5 0 2
 10485760 5 238 406 238 406 238 125 238 125 232 125 232 125 0 5 0 8
 10485760 5 245 125 245 125 251 125 251 125 251 406 251 406 0 8 0 5
 10485760 5 264 406 264 406 264 125 264 125 258 125 258 125 0 5 0 8
 10485760 5 277 406 277 406 277 125 277 125 271 125 271 125 0 5 0 8
 10485760 5 290 406 290 406 290 125 290 125 284 125 284 125 0 5 0 8
 10485760 5 297 125 297 125 299 125 299 419 212 419 212 419 0 8 0 5
 10485760 5 310 125 310 125 310 432 310 432 225 432 225 432 0 8 0 5
 255 5 199 406 199 406 199 406 199 367 199 367 199 367 0 5 0 5
 0 5 290 549 290 549 290 549 290 588 290 588 290 588 0 5 0 5
 0 5 329 549 329 549 329 549 329 588 329 588 329 588 0 5 0 5
 0 5 420 549 420 549 420 549 420 588 420 588 420 588 0 5 0 5
 0 5 342 406 342 406 342 406 342 354 342 354 342 354 0 5 0 5
 0 5 407 406 407 406 407 406 407 354 407 354 407 354 0 5 0 5
 16776960 5 199 523 199 523 199 523 342 523 342 523 342 523 0 5 0 5
 65535 5 212 536 212 536 212 555 394 555 394 536 394 536 0 5 0 5
 255 5 211 29 211 29 211 29 186 29 186 367 186 367 0 8 0 5
 4227072 5 277 549 277 549 277 575 355 575 355 549 355 549 0 5 0 5
 65280 5 264 510 264 510 264 511 407 511 407 510 407 510 0 5 0 5
 255 5 459 406 459 406 459 406 459 367 459 367 459 367 0 5 0 5
 0 5 537 549 537 549 537 549 537 588 537 588 537 588 0 5 0 5
 16776960 5 342 536 342 536 342 537 459 537 459 536 459 536 0 5 0 5
 65280 5 654 510 654 510 654 510 771 510 771 510 771 510 0 5 0 5
 16776960 5 589 523 589 523 589 525 706 525 706 523 706 523 0 5 0 5
 65535 5 641 536 641 536 641 536 641 536 719 536 719 536 0 5 0 5
 32768 5 602 549 602 549 602 572 784 572 784 549 784 549 0 5 0 5
 255 5 576 406 576 406 576 406 576 367 576 367 576 367 0 5 0 5
 0 5 667 445 667 445 667 445 654 445 654 445 654 445 0 5 0 5
 0 5 654 406 654 406 654 406 654 354 654 354 654 354 0 5 0 5
 10485760 5 336 125 336 125 336 279 745 279 745 406 745 406 0 8 0 5
 10485760 5 349 125 349 125 349 266 758 266 758 406 758 406 0 8 0 5
 10485760 5 362 125 362 125 362 252 771 252 771 406 771 406 0 8 0 5
 10485760 5 375 125 375 125 375 240 784 240 784 406 784 406 0 8 0 5
 10485760 5 388 125 388 125 388 229 797 229 797 406 797 406 0 8 0 5
 255 5 706 406 706 406 706 406 706 367 706 367 706 367 0 5 0 5
 0 5 797 549 797 549 797 549 797 588 797 588 797 588 0 5 0 5
 0 5 576 549 576 549 576 549 576 588 576 588 576 588 0 5 0 5
 0 5 667 549 667 549 667 549 667 588 667 588 667 588 0 5 0 5
 10485760 5 401 125 401 215 811 215 811 419 719 419 719 419 0 8 0 5
 10485760 5 414 125 414 202 822 202 822 432 732 432 732 432 0 8 0 5
 0 5 589 406 589 406 589 406 589 354 589 354 589 354 0 5 0 5
 16512 5 524 510 524 510 553 510 553 431 602 431 602 406 0 5 0 5
 65280 5 654 549 654 549 614 549 614 536 511 536 511 536 0 5 0 5
 255 5 329 367 329 367 329 367 329 406 329 406 329 406 0 5 0 5
 16776960 5 498 523 498 523 575 523 575 510 589 510 589 510 0 5 0 5
 65280 5 407 523 407 523 407 523 407 523 472 523 472 523 0 5 0 5
 128 5 355 406 355 431 436 431 436 510 485 510 485 510 0 5 0 5
 16711680 5 602 445 602 445 446 445 446 530 381 530 381 523 0 5 0 5
 16711680 5 628 510 628 510 628 647 628 647 559 647 559 647 0 5 0 2
5
 7047 1 16 193 458 5 0 8583336 22480192 5
 7047 1 16 700 458 5 0 8583336 22480192 5
 7193 1 16 570 458 5 0 8583336 22480192 5
 7193 1 16 323 458 5 0 8583336 22480192 5
 7008 1 14 453 458 5 0 8583336 22480192 5
