Version 0.9.7
5
 4 10 175 77 128 0 1
 5 27 440 206 81 2 2
 0 132 155 877 276 8 3
 3 391 465 203 58 140 4
 6 84 5 449 130 191 5
 1
39
 0 5 71 288 71 288 71 403 71 403 185 403 185 403 0 1 0 3
 0 5 198 403 198 403 198 502 198 502 402 502 402 502 0 3 0 4
 255 5 185 416 185 416 42 416 42 416 42 451 42 451 0 3 0 2
 128 5 42 509 42 509 42 535 211 535 211 403 211 403 0 2 0 3
 255 5 71 189 71 189 71 182 71 182 185 182 185 182 0 1 0 3
 0 5 952 169 952 169 952 169 952 403 952 403 952 403 0 3 0 3
 0 5 419 364 419 364 419 364 419 403 419 403 419 403 0 3 0 3
 0 5 419 221 419 221 419 221 419 169 419 169 419 169 0 3 0 3
 0 5 406 169 406 169 406 169 406 221 406 221 406 221 0 3 0 3
 0 5 341 221 341 221 341 221 341 169 341 169 341 169 0 3 0 3
 0 5 328 364 328 364 328 364 328 403 328 403 328 403 0 3 0 3
 255 5 328 221 328 221 328 221 328 182 328 182 328 182 0 3 0 3
 255 5 393 182 393 182 391 182 391 234 393 234 393 234 0 3 0 3
 255 5 367 364 367 364 367 364 367 416 367 416 367 416 0 3 0 3
 255 5 380 364 380 364 380 451 380 451 200 451 200 451 0 3 0 2
 65280 5 354 364 354 364 354 532 437 532 437 509 437 509 0 3 0 4
 65280 5 341 364 341 364 341 577 457 577 457 509 457 509 0 3 0 4
 65280 5 393 364 393 364 393 585 477 585 477 509 477 509 0 3 0 4
 65280 5 406 364 406 364 406 547 497 547 497 509 497 509 0 3 0 4
 255 5 939 182 939 182 939 416 939 416 952 416 952 416 0 3 0 3
 128 5 614 364 614 364 614 364 614 403 614 403 614 403 0 3 0 3
 255 5 536 221 536 221 536 221 536 182 536 182 536 182 0 3 0 3
 16711680 5 562 325 562 325 562 221 562 221 354 221 354 221 0 3 0 3
 16711680 5 406 325 406 325 406 346 536 346 536 325 536 325 0 3 0 3
 16711680 5 341 325 341 325 341 309 549 309 549 325 549 325 0 3 0 3
 64 5 263 364 263 364 263 364 263 403 263 403 263 403 0 3 0 3
 255 5 172 260 172 260 170 260 170 182 198 182 198 182 0 3 0 3
 65535 5 354 338 354 338 354 345 250 345 250 338 250 338 0 3 0 3
 65535 5 341 338 341 338 341 338 172 338 172 338 172 338 0 3 0 3
 65535 5 393 338 393 338 185 338 185 338 185 351 185 351 0 3 0 3
 65535 5 237 351 237 351 237 351 406 351 406 351 406 351 0 3 0 3
 16711680 5 185 260 185 260 187 260 187 131 186 131 186 128 0 3 0 5
 16711680 5 198 260 198 260 198 127 199 127 199 128 199 128 0 3 0 5
 16711680 5 211 260 211 260 211 163 121 163 121 128 121 128 0 3 0 5
 16711680 5 224 260 224 260 224 156 134 156 134 128 134 128 0 3 0 5
 16711680 5 237 260 237 260 237 151 147 151 147 128 147 128 0 3 0 5
 16711680 5 250 260 250 260 250 146 160 146 160 128 160 128 0 3 0 5
 16711680 5 263 260 263 260 263 128 263 128 173 128 173 128 0 3 0 5
 255 5 100 32 100 32 100 120 276 120 276 182 276 182 0 5 0 3
3
 7193 1 16 322 273 5 0 1978608460 1985112591 3
 7008 1 14 530 273 5 0 1978608460 1985112591 3
 7047 1 16 166 273 5 0 1978608460 1985112591 3
