Version 0.9.7
7
 4 4 539 77 128 0 1
 5 587 749 206 81 2 2
 0 96 466 877 276 8 5
 6 199 0 449 130 140 8
 0 975 465 877 276 173 9
 6 285 889 449 130 349 11
 0 230 1106 877 276 384 12
 1
164
 255 5 65 553 65 553 67 553 67 493 149 493 149 493 0 1 0 5
 0 5 65 652 65 652 65 714 65 714 149 714 149 714 0 1 0 5
 255 5 162 493 162 493 162 493 162 727 162 727 162 727 0 5 0 5
 0 5 175 480 175 480 175 480 175 714 175 714 175 714 0 5 0 5
 255 5 474 727 474 727 474 760 474 760 602 760 602 760 0 5 0 2
 0 5 461 714 461 714 461 818 461 818 602 818 602 818 0 5 0 2
 10485760 5 240 532 240 532 240 123 240 123 236 123 236 123 0 5 0 8
 10485760 5 249 123 249 123 253 123 253 123 253 532 253 532 0 8 0 5
 10485760 5 266 532 266 532 266 123 266 123 262 123 262 123 0 5 0 8
 10485760 5 279 532 279 532 279 123 279 123 275 123 275 123 0 5 0 8
 10485760 5 292 532 292 532 292 123 292 123 288 123 288 123 0 5 0 8
 10485760 5 301 123 301 123 301 545 301 545 214 545 214 545 0 8 0 5
 10485760 5 314 123 314 123 314 558 314 558 227 558 227 558 0 8 0 5
 255 5 201 532 201 532 201 532 201 493 201 493 201 493 0 5 0 5
 0 5 292 675 292 675 292 675 292 714 292 714 292 714 0 5 0 5
 0 5 331 675 331 675 331 675 331 714 331 714 331 714 0 5 0 5
 0 5 422 675 422 675 422 675 422 714 422 714 422 714 0 5 0 5
 0 5 344 532 344 532 344 532 344 480 344 480 344 480 0 5 0 5
 0 5 409 532 409 532 409 532 409 480 409 480 409 480 0 5 0 5
 16776960 5 201 649 201 649 201 649 344 649 344 649 344 649 0 5 0 5
 65535 5 214 662 214 662 214 681 396 681 396 662 396 662 0 5 0 5
 255 5 215 27 215 27 211 27 186 27 188 493 188 493 0 8 0 5
 4227072 5 279 675 279 675 279 701 357 701 357 675 357 675 0 5 0 5
 65280 5 266 636 266 636 266 637 409 637 409 636 409 636 0 5 0 5
 255 5 461 532 461 532 461 532 461 493 461 493 461 493 0 5 0 5
 0 5 539 675 539 675 539 675 539 714 539 714 539 714 0 5 0 5
 16776960 5 344 662 344 662 344 663 461 663 461 662 461 662 0 5 0 5
 65280 5 656 636 656 636 656 636 773 636 773 636 773 636 0 5 0 5
 16776960 5 591 649 591 649 591 651 708 651 708 649 708 649 0 5 0 5
 65535 5 643 662 643 662 643 662 643 662 721 662 721 662 0 5 0 5
 32768 5 604 675 604 675 604 698 786 698 786 675 786 675 0 5 0 5
 255 5 578 532 578 532 578 532 578 493 578 493 578 493 0 5 0 5
 0 5 669 571 669 571 669 571 656 571 656 571 656 571 0 5 0 5
 0 5 656 532 656 532 656 532 656 480 656 480 656 480 0 5 0 5
 10485760 5 340 123 340 123 340 451 747 451 747 532 747 532 0 8 0 5
 10485760 5 353 123 353 123 353 439 760 439 760 532 760 532 0 8 0 5
 10485760 5 366 123 366 123 366 426 773 426 773 532 773 532 0 8 0 5
 10485760 5 379 123 379 123 379 414 786 414 786 532 786 532 0 8 0 5
 10485760 5 392 123 392 123 392 401 799 401 799 532 799 532 0 8 0 5
 255 5 708 532 708 532 708 532 708 493 708 493 708 493 0 5 0 5
 0 5 799 675 799 675 799 675 799 714 799 714 799 714 0 5 0 5
 0 5 578 675 578 675 578 675 578 714 578 714 578 714 0 5 0 5
 0 5 669 675 669 675 669 675 669 714 669 714 669 714 0 5 0 5
 10485760 5 405 123 405 390 811 390 811 545 721 545 721 545 0 8 0 5
 10485760 5 418 123 418 378 822 378 822 558 734 558 734 558 0 8 0 5
 0 5 591 532 591 532 591 532 591 480 591 480 591 480 0 5 0 5
 65280 5 656 675 656 670 615 670 615 661 513 661 513 662 0 5 0 5
 255 5 331 493 331 493 331 493 331 532 331 532 331 532 0 5 0 5
 16776960 5 500 649 500 649 577 649 577 636 591 636 591 636 0 5 0 5
 16711680 5 604 571 604 571 448 571 448 656 383 656 383 649 0 5 0 5
 255 5 1795 492 1795 492 1795 492 1795 726 1795 726 1795 726 0 9 0 9
 64 5 1782 479 1782 479 1782 479 1782 713 1782 713 1782 713 0 9 0 9
 0 5 1119 674 1119 674 1119 674 1119 713 1119 713 1119 713 0 9 0 9
 10485760 5 444 123 444 123 444 366 1067 366 1067 531 1067 531 0 8 0 9
 10485760 5 457 123 457 123 457 354 1080 354 1080 531 1080 531 0 8 0 9
 10485760 5 470 123 470 123 470 343 1093 343 1093 531 1093 531 0 8 0 9
 10485760 5 483 123 483 123 483 331 1106 331 1106 531 1106 531 0 8 0 9
 10485760 5 496 123 496 123 496 319 1119 319 1119 531 1119 531 0 8 0 9
 10485760 5 509 123 509 307 1130 307 1130 544 1041 544 1041 544 0 8 0 9
 10485760 5 522 123 522 293 1143 293 1143 557 1054 557 1054 557 0 8 0 9
 255 5 1158 531 1158 531 1158 531 1158 492 1158 492 1158 492 0 9 0 9
 0 5 1158 674 1158 674 1158 674 1158 713 1158 713 1158 713 0 9 0 9
 0 5 1249 674 1249 674 1249 674 1249 713 1249 713 1249 713 0 9 0 9
 65280 5 1093 635 1093 635 1093 635 1236 635 1236 635 1236 635 0 9 0 9
 16776960 5 1028 648 1028 648 1028 643 1171 643 1171 648 1171 648 0 9 0 9
 32768 5 1106 674 1106 674 1106 682 1184 682 1184 674 1184 674 0 9 0 9
 16776960 5 1171 674 1171 674 1171 696 1288 696 1288 674 1288 674 0 9 0 9
 65280 5 1223 648 1223 648 1223 648 1301 648 1301 648 1301 648 0 9 0 9
 128 5 1184 531 1184 556 1268 556 1268 635 1314 635 1314 635 0 9 0 9
 0 5 1171 479 1171 479 1171 479 1171 531 1171 531 1171 531 0 9 0 9
 255 5 1041 492 1041 492 1041 531 1041 531 1028 531 1028 531 0 9 0 9
 255 5 916 493 916 493 1028 493 1028 493 1028 492 1028 492 0 5 0 9
 255 5 1288 531 1288 531 1288 531 1288 492 1288 492 1288 492 0 9 0 9
 0 5 1366 674 1366 674 1366 674 1366 713 1366 713 1366 713 0 9 0 9
 65535 5 1041 661 1041 661 1041 661 1223 661 1223 661 1223 661 0 9 0 9
 10485760 5 548 123 548 123 548 278 1574 278 1574 531 1574 531 0 8 0 9
 10485760 5 561 123 561 123 561 265 1587 265 1587 531 1587 531 0 8 0 9
 10485760 5 574 123 574 123 574 251 1600 251 1600 531 1600 531 0 8 0 9
 10485760 5 587 123 587 123 587 238 1613 238 1613 531 1613 531 0 8 0 9
 10485760 5 600 123 600 123 600 225 1626 225 1626 531 1626 531 0 8 0 9
 10485760 5 613 123 613 212 1639 212 1639 544 1548 544 1548 544 0 8 0 9
 10485760 5 626 123 626 197 1651 197 1651 557 1561 557 1561 557 0 8 0 9
 255 5 1535 531 1535 531 1535 531 1535 492 1535 492 1535 492 0 9 0 9
 255 5 1405 531 1405 531 1405 531 1405 492 1405 492 1405 492 0 9 0 9
 0 5 1626 674 1626 674 1626 674 1626 713 1626 713 1626 713 0 9 0 9
 0 5 1418 531 1418 531 1418 531 1418 479 1418 479 1418 479 0 9 0 9
 0 5 1405 674 1405 674 1405 674 1405 713 1405 713 1405 713 0 9 0 9
 0 5 1496 674 1496 674 1496 674 1496 713 1496 713 1496 713 0 9 0 9
 128 5 1431 531 1431 542 1394 542 1394 635 1353 635 1353 635 0 9 0 9
 65280 5 1483 635 1483 635 1483 629 1600 629 1600 635 1600 635 0 9 0 9
 16776960 5 1418 648 1418 648 1418 652 1535 652 1535 648 1535 648 0 9 0 9
 65535 5 1470 661 1470 661 1470 661 1548 661 1548 661 1548 661 0 9 0 9
 16776960 5 1327 648 1327 648 1327 649 1412 649 1412 635 1418 635 0 9 0 9
 65280 5 1483 674 1483 674 1483 674 1340 674 1340 674 1340 674 0 9 0 9
 16711808 5 1431 661 1431 661 1431 667 1613 667 1613 661 1613 661 0 9 0 9
 0 5 1496 570 1496 570 1496 570 1483 570 1483 570 1483 570 0 9 0 9
 0 5 1483 479 1483 479 1483 479 1483 531 1483 531 1483 531 0 9 0 9
 0 5 1249 570 1249 570 1249 570 1236 570 1236 570 1236 570 0 9 0 9
 0 5 1236 531 1236 531 1236 531 1236 479 1236 479 1236 479 0 9 0 9
 0 5 422 571 422 571 422 571 409 571 409 571 409 571 0 5 0 5
 16744576 5 1210 674 1210 666 1378 666 1378 570 1431 570 1431 570 0 9 0 9
 255 5 851 532 851 532 851 532 851 493 851 493 851 493 0 5 0 5
 65793 5 916 714 916 714 1028 714 1028 714 1028 713 1028 713 0 5 0 9
 65793 5 929 675 929 675 929 714 929 714 903 714 903 714 0 5 0 5
 12615935 5 474 662 474 662 474 654 588 654 588 636 643 636 0 5 0 5
 33023 5 526 675 526 675 526 684 851 684 851 675 851 675 0 5 0 5
 33023 5 604 545 604 545 604 563 817 563 817 636 877 636 0 5 0 5
 33023 5 487 636 487 636 487 626 441 626 441 545 357 545 0 5 0 5
 33023 5 487 649 487 649 487 649 864 649 864 649 864 649 0 5 0 5
 33023 5 630 675 630 741 971 741 971 570 1184 570 1184 570 0 5 0 9
 255 5 65 592 65 592 44 592 44 1133 283 1133 283 1133 0 1 0 12
 0 5 65 639 65 639 51 639 51 1120 283 1120 283 1120 0 1 0 12
 0 5 1050 1120 1050 1120 1050 1120 1050 1354 1050 1354 1050 1354 0 12 0 12
 16711680 5 322 1012 322 1012 322 1012 322 1172 322 1172 322 1172 0 11 0 12
 16711680 5 335 1012 335 1012 335 1012 335 1172 335 1172 335 1172 0 11 0 12
 16711680 5 348 1172 348 1172 348 1172 348 1012 348 1012 348 1012 0 12 0 11
 16711680 5 361 1172 361 1172 361 1172 361 1012 361 1012 361 1012 0 12 0 11
 16711680 5 374 1012 374 1012 374 1012 374 1172 374 1172 374 1172 0 11 0 12
 16711680 5 426 1012 426 1012 426 1100 985 1100 985 1172 985 1172 0 11 0 12
 16711680 5 439 1012 439 1012 439 1092 998 1092 998 1172 998 1172 0 11 0 12
 16711680 5 452 1012 452 1012 452 1084 1011 1084 1011 1172 1011 1172 0 11 0 12
 16711680 5 1024 1172 1024 1172 1024 1075 465 1075 465 1012 465 1012 0 12 0 11
 16711680 5 1037 1172 1037 1172 1037 1067 478 1067 478 1012 478 1012 0 12 0 11
 255 5 283 1172 283 1172 283 1139 296 1139 296 1133 296 1133 0 12 0 12
 255 5 452 1172 452 1172 452 1172 452 1133 452 1133 452 1133 0 12 0 12
 255 5 621 1172 621 1172 621 1172 621 1133 621 1133 621 1133 0 12 0 12
 255 5 777 1172 777 1172 777 1172 777 1133 777 1133 777 1133 0 12 0 12
 255 5 946 1172 946 1172 946 1172 946 1133 946 1133 946 1133 0 12 0 12
 0 5 374 1315 374 1315 374 1315 374 1354 374 1354 374 1354 0 12 0 12
 0 5 543 1315 543 1315 543 1315 543 1354 543 1354 543 1354 0 12 0 12
 0 5 699 1315 699 1315 699 1315 699 1354 699 1354 699 1354 0 12 0 12
 0 5 868 1315 868 1315 868 1315 868 1354 868 1354 868 1354 0 12 0 12
 0 5 1037 1354 1037 1354 1037 1354 1037 1315 1037 1315 1037 1315 0 12 0 12
 0 5 868 1185 868 1185 868 1185 855 1185 855 1185 855 1185 0 12 0 12
 0 5 855 1172 855 1172 855 1172 855 1120 855 1120 855 1120 0 12 0 12
 0 5 777 1315 777 1315 777 1315 777 1354 777 1354 777 1354 0 12 0 12
 0 5 790 1172 790 1172 790 1172 790 1120 790 1120 790 1120 0 12 0 12
 0 5 465 1172 465 1172 465 1172 465 1120 465 1120 465 1120 0 12 0 12
 0 5 543 1185 543 1185 543 1185 530 1185 530 1185 530 1185 0 12 0 12
 0 5 530 1172 530 1172 530 1172 530 1120 530 1120 530 1120 0 12 0 12
 0 5 452 1354 452 1354 452 1354 452 1315 452 1315 452 1315 0 12 0 12
 255 5 301 916 301 916 309 916 309 916 309 1133 309 1133 0 11 0 12
 16776960 5 348 1276 348 1276 348 1271 530 1271 530 1276 530 1276 0 12 0 12
 16776960 5 283 1289 283 1289 283 1282 465 1282 465 1289 465 1289 0 12 0 12
 16776960 5 296 1289 296 1289 296 1294 517 1294 517 1289 517 1289 0 12 0 12
 16776960 5 361 1302 361 1302 361 1308 478 1308 478 1302 478 1302 0 12 0 12
 16776960 5 1011 1276 1011 1276 1011 1268 855 1268 855 1276 855 1276 0 12 0 12
 16776960 5 842 1289 842 1289 842 1284 959 1284 959 1289 959 1289 0 12 0 12
 16776960 5 790 1302 790 1302 790 1295 946 1295 946 1302 946 1302 0 12 0 12
 16776960 5 1024 1315 1024 1315 1024 1307 803 1307 803 1315 803 1315 0 12 0 12
 8388863 5 621 1276 621 1276 621 1281 465 1281 465 1276 465 1276 0 12 0 12
 8388736 5 660 1315 660 1315 660 1307 790 1307 790 1315 790 1315 0 12 0 12
 8388736 5 673 1302 673 1302 673 1302 855 1302 855 1302 855 1302 0 12 0 12
 65535 5 647 1276 647 1276 647 1269 600 1269 600 1185 478 1185 0 12 0 12
 65535 5 803 1185 803 1185 733 1185 733 1269 686 1269 686 1276 0 12 0 12
 16711680 5 972 1172 972 1172 972 1048 504 1048 504 1012 504 1012 0 12 0 11
 16711680 5 491 1012 491 1012 491 1058 959 1058 959 1172 959 1172 0 11 0 12
 16711680 5 387 1012 387 1012 387 1185 387 1185 296 1185 296 1185 0 11 0 12
 16711680 5 309 1198 309 1198 400 1198 400 1198 400 1012 400 1012 0 12 0 11
 16711935 5 504 1315 504 1315 504 1297 686 1297 686 1289 686 1289 0 12 0 12
 8388863 5 517 1315 517 1315 517 1309 634 1309 634 1315 634 1315 0 12 0 12
 33023 5 1457 661 1457 661 1457 1198 1457 1198 1076 1198 1076 1198 0 9 0 12
 33023 5 1076 1211 1076 1211 1076 1386 647 1386 647 1289 647 1289 0 12 0 12
 33023 5 646 786 646 786 646 1276 646 1276 829 1276 829 1276 0 2 0 12
16
 7047 1 16 195 584 5 0 8583336 22480192 5
 7047 1 16 702 584 5 0 8583336 22480192 5
 7193 1 16 572 584 5 0 8583336 22480192 5
 7193 1 16 325 584 5 0 8583336 22480192 5
 7008 1 14 455 584 5 0 8583336 22480192 5
 7193 1 16 1152 583 5 0 8583336 21854432 9
 7047 1 16 1022 583 5 0 8583336 21854432 9
 7008 1 14 1282 583 5 0 8583336 21854432 9
 7193 1 16 1399 583 5 0 8583336 21263488 9
 7047 1 16 1529 583 5 0 8583336 21263488 9
 7032 1 14 845 584 5 0 1983064908 1954114063 5
 7008 1 14 615 1224 5 0 1983064908 1954114063 12
 7193 1 16 446 1224 5 0 1983064908 1954114063 12
 7047 1 16 940 1224 5 0 1983064908 1954114063 12
 7193 1 16 771 1224 5 0 1983064908 1954114063 12
 7047 1 16 277 1224 5 0 1983064908 1954114063 12
